0	2
1	0
1	1803692
2	0
2	1802545
2	1802552
2	3084898
2	3085547
2	4019482
2	4019483
3	2927938
4	3
4	331725
5	6
6	162624
6	999233
6	1852655
6	1852663
6	3165770
6	3167704
6	3167705
6	3167706
6	3167707
6	3167708
6	3167709
6	3167710
7	5
7	8
8	9
9	162624
9	999233
9	1852655
9	1852663
9	3165770
9	3167704
9	3167705
9	3167706
9	3167707
9	3167708
9	3167709
9	3167710
10	11
10	12
10	13
12	1010035
12	2386330
13	10
13	11
13	12
14	15
14	16
15	2039970
16	17
16	51270
16	2042229
16	2043469
17	739123
17	1892531
17	2042229
17	2043469
18	19
18	20
19	18
19	20
20	18
20	19
20	882643
20	884223
21	20
21	884223
21	1795572
21	2533586
21	2533856
21	2534556
22	24
22	25
22	26
23	22
23	25
23	26
24	22
24	25
24	26
25	23
25	24
25	26
25	2221995
26	22
26	23
26	24
26	25
26	2221206
26	2221650
26	2221788
26	2221905
26	2221995
26	2222213
26	2222409
26	2222417
26	3173251
